>>> slope:	1.23404917982
>>> sigma_intercept:	0.00338428508939
>>> sigma_slope:	0.00556210288762
>>> intercept:	-0.685163743397
25674 9150 240 306
>>> K0001 528 528 524 0 4 30 0 100
 K0002 1032 1032 743 0 289 30 28 100
 K0003 565 565 537 0 28 30 4 100
 K0005 1141 1141 817 0 324 30 28 100
 K0008 977 977 843 0 134 30 13 100
 K0009 1292 1292 1126 0 166 30 12 100
 K0010 1335 1335 1315 0 20 30 1 100
 K0012 502 502 372 0 130 30 25 100
 K0013 889 889 793 0 96 30 10 100
 K0014 802 802 706 0 96 30 11 100
 K0016 580 580 231 0 349 30 60 100
>>> K0019 121 121 120 0 1 30 0 100
 K0021 671 671 653 0 18 30 2 100
>>> K0024 145 145 144 0 1 30 0 100
 K0025 2034 2034 1997 0 37 30 1 100
 K0026 1344 1344 1294 0 50 30 3 100
 K0027 784 784 607 0 177 30 22 100
 K0028 870 870 807 0 63 30 7 100
 K0030 1066 1066 524 0 542 30 50 100
 K0031 2296 2296 1853 0 443 30 19 100
 K0032 576 576 561 0 15 30 2 100
 K0033 1091 1091 1024 0 67 30 6 100
 K0034 1728 1728 1660 0 68 30 3 100
 K0039 387 387 342 0 45 30 11 100
 K0040 333 333 185 0 148 30 44 100
 K0041 307 307 288 0 19 30 6 100
 K0042 714 714 675 0 39 30 5 100
 K0043 708 708 672 0 36 30 5 100
 K0045 468 468 323 0 145 30 30 100
 K0049 740 740 731 0 9 30 1 100
 K0052 1324 1324 1218 0 106 30 8 100
 K0053 391 391 309 0 82 30 20 100
 K0058 757 757 557 0 200 30 26 100
>>> K0060 76 76 73 0 3 30 3 100
 K0061 2478 2478 2162 0 316 30 12 100
 K0065 184 184 155 0 29 30 15 100
 K0069 671 671 567 0 104 30 15 100
 K0071 842 842 727 0 115 30 13 100
 K0073 1373 1373 1239 0 134 30 9 100
 K0081 541 541 528 0 13 30 2 100
 K0084 1681 1681 1200 0 481 30 28 100
 K0086 441 441 432 0 9 30 2 100
 K0088 279 279 247 0 32 30 11 100
 K0089 619 619 504 0 115 30 18 100
 K0095 1608 1608 1585 0 23 30 1 100
 K0097 1052 1052 1015 0 37 30 3 100
 K0100 907 907 543 0 364 30 40 100
 K0102 2295 2295 2245 0 50 30 2 100
 K0105 253 253 243 0 10 30 3 100
 K0107 437 437 331 0 106 30 24 100
 K0108 906 906 877 0 29 30 3 100
 K0109 558 558 547 0 11 30 1 100
>>> K0110 250 250 248 0 2 30 0 100
>>> K0113 220 220 218 0 2 30 0 100
 K0115 715 715 660 0 55 30 7 100
 K0117 619 619 559 0 60 30 9 100
 K0122 365 365 341 0 24 30 6 100
>>> K0124 286 286 284 0 2 30 0 100
>>> K0125 8 8 5 0 3 30 37 100
 K0126 1426 1426 1416 0 10 30 0 100
 K0129 502 502 429 0 73 30 14 100
 K0130 310 310 305 0 5 30 1 100
 K0131 464 464 450 0 14 30 3 100
 K0133 150 150 140 0 10 30 6 100
>>> K0135 395 395 394 0 1 30 0 100
 K0137 891 891 763 0 128 30 14 100
 K0140 2071 2071 1379 0 692 30 33 100
 K0143 296 296 289 0 7 30 2 100
 K0144 549 549 330 0 219 30 39 100
 K0146 478 478 471 0 7 30 1 100
 K0147 1498 1498 1287 0 211 30 14 100
 K0148 251 251 152 0 99 30 39 100
 K0149 921 921 808 0 113 30 12 100
 K0150 181 181 111 0 70 30 38 100
 K0151 643 643 632 0 11 30 1 100
 K0152 468 468 420 0 48 30 10 100
 K0153 212 212 150 0 62 30 29 100
 K0156 733 733 725 0 8 30 1 100
 K0157 399 399 363 0 36 30 9 100
 K0158 147 147 141 0 6 30 4 100
 K0159 330 330 250 0 80 30 24 100
 K0164 667 667 654 0 13 30 1 100
 K0165 669 669 487 0 182 30 27 100
 K0166 187 187 181 0 6 30 3 100
 K0176 866 866 854 0 12 30 1 100
 K0179 656 656 568 0 88 30 13 100
 K0181 541 541 477 0 64 30 11 100
>>> K0182 79 79 77 0 2 30 2 100
 K0183 644 644 461 0 183 30 28 100
 K0184 1440 1440 1330 0 110 30 7 100
 K0185 325 325 266 0 59 30 18 100
 K0186 547 547 431 0 116 30 21 100
 K0187 1371 1371 1277 0 94 30 6 100
 K0190 817 817 810 0 7 30 0 100
 K0192 1245 1245 1224 0 21 30 1 100
>>> K0194 443 443 442 0 1 30 0 100
 K0196 1477 1477 1468 0 9 30 0 100
 K0203 362 362 356 0 6 30 1 100
 K0204 447 447 439 0 8 30 1 100
>>> K0205 105 105 104 0 1 30 0 100
 K0208 508 508 312 0 196 30 38 100
 K0209 184 184 76 0 108 30 58 100
>>> K0226 155 155 153 0 2 30 1 100
 K0231 183 183 141 0 42 30 22 100
 K0232 1166 1166 834 0 332 30 28 100
 K0260 441 441 395 0 46 30 10 100
 K0273 757 757 721 0 36 30 4 100
>>> K0274 475 475 474 0 1 30 0 100
 K0275 2048 2048 1746 0 302 30 14 100
 K0277 1345 1345 1304 0 41 30 3 100
 K0278 379 379 370 0 9 30 2 100
 K0280 361 361 356 0 5 30 1 100
 K0297 163 163 89 0 74 30 45 100
 K0306 95 95 71 0 24 30 25 100
>>> K0309 270 270 269 0 1 30 0 100
 K0312 411 411 384 0 27 30 6 100
>>> K0314 353 353 351 0 2 30 0 100
 K0326 364 364 240 0 124 30 34 100
 K0355 1891 1891 1458 0 433 30 22 100
 K0361 31 31 10 0 21 30 67 100
>>> K0381 566 566 564 0 2 30 0 100
 K0388 1504 1504 1456 0 48 30 3 100
 K0414 2014 2014 1946 0 68 30 3 100
 K0436 1204 1204 1037 0 167 30 13 100
 K0437 928 928 693 0 235 30 25 100
 K0475 555 555 262 0 293 30 52 100
 K0476 926 926 434 0 492 30 53 100
 K0486 531 531 222 0 309 30 58 100
 K0489 1884 1884 1531 0 353 30 18 100
>>> K0500 364 364 362 0 2 30 0 100
 K0502 698 698 682 0 16 30 2 100
 K0515 1793 1793 1782 0 11 30 0 100
 K0518 1513 1513 1483 0 30 30 1 100
 K0548 1695 1695 1311 0 384 30 22 100
 K0569 566 566 483 0 83 30 14 100
 K0580 1192 1192 997 0 195 30 16 100
 K0581 169 169 157 0 12 30 7 100
 K0603 701 701 394 0 307 30 43 100
 K0606 495 495 470 0 25 30 5 100
 K0608 480 480 464 0 16 30 3 100
 K0609 181 181 99 0 82 30 45 100
>>> K0610 243 243 241 0 2 30 0 100
 K0611 407 407 300 0 107 30 26 100
 K0614 1241 1241 773 0 468 30 37 100
>>> K0624 1321 1321 1320 0 1 30 0 100
>>> K0630 980 980 977 0 3 30 0 100
 K0634 2003 2003 1962 0 41 30 2 100
 K0651 1341 1341 1332 0 9 30 0 100
>>> K0652 202 202 201 0 1 30 0 100
 K0653 1315 1315 1196 0 119 30 9 100
 K0657 712 712 653 0 59 30 8 100
 K0659 2432 2432 1931 0 501 30 20 100
 K0664 471 471 423 0 48 30 10 100
 K0672 2279 2279 2153 0 126 30 5 100
 K0673 1006 1006 989 0 17 30 1 100
 K0684 2043 2043 1972 0 71 30 3 100
 K0697 277 277 252 0 25 30 9 100
 K0707 2039 2039 1381 0 658 30 32 100
 K0711 478 478 383 0 95 30 19 100
 K0713 113 113 80 0 33 30 29 100
 K0714 519 519 372 0 147 30 28 100
 K0715 1328 1328 654 0 674 30 50 100
 K0748 1602 1602 735 0 867 30 54 100
 K0749 1226 1226 936 0 290 30 23 100
 K0754 635 635 390 0 245 30 38 100
 K0758 499 499 386 0 113 30 22 100
 K0768 699 699 488 0 211 30 30 100
 K0769 1371 1371 1170 0 201 30 14 100
 K0775 468 468 407 0 61 30 13 100
 K0779 794 794 768 0 26 30 3 100
 K0783 530 530 178 0 352 30 66 100
>>> K0789 1232 1232 1229 0 3 30 0 100
 K0791 2464 2464 2445 0 19 30 0 100
 K0797 277 277 245 0 32 30 11 100
 K0798 546 546 472 0 74 30 13 100
 K0805 204 204 143 0 61 30 29 100
>>> K0807 662 662 658 0 4 30 0 100
 K0810 1232 1232 626 0 606 30 49 100
 K0811 361 361 277 0 84 30 23 100
 K0813 2229 2229 2160 0 69 30 3 100
 K0817 1428 1428 928 0 500 30 35 100
 K0818 574 574 387 0 187 30 32 100
 K0820 199 199 181 0 18 30 9 100
>>> K0821 253 253 251 0 2 30 0 100
 K0823 1331 1331 1279 0 52 30 3 100
 K0824 938 938 856 0 82 30 8 100
 K0825 404 404 386 0 18 30 4 100
 K0827 154 154 72 0 82 30 53 100
 K0828 511 511 326 0 185 30 36 100
>>> K0830 311 311 310 0 1 30 0 100
 K0831 372 372 224 0 148 30 39 100
 K0833 1241 1241 1218 0 23 30 1 100
 K0836 2090 2090 1705 0 385 30 18 100
 K0837 323 323 57 0 266 30 82 100
 K0841 632 632 256 0 376 30 59 100
 K0842 1444 1444 1263 0 181 30 12 100
 K0848 944 944 901 0 43 30 4 100
 K0852 256 256 194 0 62 30 24 100
 K0853 1422 1422 1310 0 112 30 7 100
 K0856 962 962 875 0 87 30 9 100
 K0857 559 559 511 0 48 30 8 100
 K0861 560 560 550 0 10 30 1 100
 K0862 908 908 835 0 73 30 8 100
 K0863 1317 1317 1289 0 28 30 2 100
>>> K0866 262 262 260 0 2 30 0 100
 K0868 787 787 651 0 136 30 17 100
>>> K0869 1131 1131 1130 0 1 30 0 100
>>> K0871 773 773 770 0 3 30 0 100
>>> K0872 1145 1145 1144 0 1 30 0 100
 K0873 600 600 593 0 7 30 1 100
 K0876 906 906 880 0 26 30 2 100
 K0878 144 144 137 0 7 30 4 100
 K0880 240 240 224 0 16 30 6 100
>>> K0884 70 70 66 0 4 30 5 100
 K0885 268 268 181 0 87 30 32 100
 K0886 1612 1612 1593 0 19 30 1 100
 K0887 1390 1390 1234 0 156 30 11 100
 K0889 1048 1048 939 0 109 30 10 100
>>> K0890 530 530 529 0 1 30 0 100
 K0891 470 470 465 0 5 30 1 100
 K0895 332 332 308 0 24 30 7 100
 K0896 576 576 552 0 24 30 4 100
 K0898 553 553 404 0 149 30 26 100
 K0901 1285 1285 1090 0 195 30 15 100
 K0904 935 935 790 0 145 30 15 100
 K0906 594 594 508 0 86 30 14 100
 K0907 351 351 316 0 35 30 9 100
 K0909 727 727 447 0 280 30 38 100
 K0914 1269 1269 1246 0 23 30 1 100
 K0915 1270 1270 860 0 410 30 32 100
 K0921 672 672 655 0 17 30 2 100
 K0924 1158 1158 1109 0 49 30 4 100
 K0927 866 866 858 0 8 30 0 100
 K0929 339 339 286 0 53 30 15 100
 K0930 132 132 105 0 27 30 20 100
>>> K0931 815 815 814 0 1 30 0 100
>>> K0933 377 377 373 0 4 30 1 100
 K0934 219 219 123 0 96 30 43 100
>>> K0935 382 382 379 0 3 30 0 100
 K0937 1211 1211 1162 0 49 30 4 100
35
